X = np.array([[ 4.79602866,  0.12646481, -0.29202451, ...,  0.07673702,
         0.15640123,  0.06516108],
       [ 4.79202764,  0.12649594, -0.29146643, ...,  0.08273794,
         0.15652748,  0.06746059],
       [ 4.79200299,  0.12650421, -0.29250872, ...,  0.07673702,
         0.15643551,  0.07260655],
       ...,
       [ 7.40147877,  0.04761627,  0.23268381, ...,  0.15552089,
         0.15866897,  0.08626388],
       [ 7.25940105,  0.05326922,  0.23221537, ...,  0.1779072 ,
         0.1492524 ,  0.08684129],
       [ 7.40113414,  0.05369265,  0.21986254, ...,  0.17727351,
         0.1492524 ,  0.08780854]])